0 0.237434 0.335813 0.155423 0.105655
0 0.430060 0.395709 0.161045 0.104415
0 0.644345 0.359003 0.118056 0.095982
0 0.913856 0.362351 0.139220 0.093750
0 0.854167 0.625372 0.146825 0.102431
0 0.626323 0.581721 0.145503 0.103423
0 0.677414 0.521949 0.155093 0.102431
0 0.528604 0.480903 0.179563 0.098214
0 0.391204 0.474950 0.158069 0.086310
0 0.378307 0.550471 0.181217 0.103423
0 0.192791 0.439980 0.149471 0.098214
0 0.456680 0.656746 0.122354 0.091766
0 0.605489 0.717014 0.143519 0.106647
0 0.696098 0.743924 0.134921 0.102431
0 0.881448 0.938120 0.120701 0.089534
0 0.490410 0.758557 0.146825 0.077629
0 0.336640 0.711062 0.183862 0.099206
