0 0.223049 0.366071 0.169643 0.107639
0 0.393519 0.410838 0.173942 0.089534
0 0.625496 0.378968 0.143849 0.099206
0 0.896660 0.373016 0.119378 0.104663
0 0.504960 0.492312 0.140873 0.086310
0 0.382606 0.497644 0.166667 0.088542
0 0.358300 0.574777 0.161045 0.106895
0 0.623347 0.602183 0.165344 0.105655
0 0.660053 0.535838 0.132275 0.095982
0 0.852183 0.644221 0.139550 0.109871
0 0.892361 0.953745 0.130622 0.082093
0 0.692460 0.762897 0.110450 0.107639
0 0.595403 0.733755 0.126653 0.094990
0 0.456019 0.678323 0.123677 0.098214
0 0.479663 0.781250 0.151124 0.094742
0 0.336640 0.748388 0.175265 0.113343
0 0.178571 0.474454 0.181217 0.091766
