0 0.415013 0.180060 0.150794 0.104663
0 0.768022 0.259921 0.137897 0.104663
0 0.421462 0.340154 0.172288 0.090526
0 0.611111 0.414559 0.132275 0.084077
0 0.696098 0.452877 0.117725 0.082837
0 0.906581 0.409102 0.136574 0.084077
0 0.862765 0.478795 0.132275 0.106895
0 0.548611 0.528398 0.148148 0.097966
0 0.774471 0.576389 0.133598 0.092758
0 0.906746 0.579613 0.113757 0.097222
0 0.839120 0.674479 0.168320 0.096974
0 0.652943 0.658854 0.180886 0.113343
0 0.541501 0.632440 0.159722 0.081845
0 0.424934 0.599082 0.148148 0.077629
0 0.343089 0.733259 0.170966 0.093998
0 0.491898 0.776290 0.152447 0.104663
