0 0.361111 0.184896 0.155423 0.079613
0 0.732804 0.241443 0.125000 0.108879
0 0.887235 0.392981 0.132275 0.096974
0 0.852679 0.464782 0.161045 0.091766
0 0.877315 0.568204 0.172619 0.100198
0 0.809028 0.666295 0.153770 0.083085
0 0.753638 0.574157 0.132275 0.097222
0 0.574570 0.402654 0.110780 0.096974
0 0.660053 0.438368 0.149471 0.082093
0 0.382771 0.341766 0.152447 0.106647
0 0.503307 0.526166 0.132275 0.083085
0 0.606978 0.646453 0.118056 0.101438
0 0.510582 0.630828 0.155423 0.095982
0 0.398479 0.598958 0.146825 0.092758
0 0.468254 0.767733 0.142196 0.115327
0 0.317295 0.736483 0.162368 0.117312
