0 0.703373 0.202629 0.140873 0.100198
0 0.471065 0.361855 0.145172 0.086310
0 0.889550 0.450149 0.133598 0.092758
0 0.853505 0.625372 0.122354 0.097966
0 0.640046 0.459325 0.129299 0.087302
0 0.672288 0.546627 0.165344 0.080853
0 0.751488 0.649678 0.142526 0.088542
0 0.319444 0.499876 0.146825 0.090526
0 0.477513 0.513269 0.146825 0.110863
0 0.144676 0.549851 0.182870 0.111111
0 0.216601 0.668031 0.199735 0.118800
0 0.438823 0.656746 0.140873 0.080853
0 0.374008 0.585565 0.134921 0.093750
0 0.598214 0.680928 0.140873 0.118800
0 0.711144 0.745164 0.145172 0.102431
0 0.558697 0.776910 0.153770 0.129216
