0 0.296462 0.194568 0.161045 0.096974
0 0.671627 0.229663 0.146825 0.091766
0 0.821098 0.384425 0.183862 0.088294
0 0.770007 0.457713 0.162368 0.096974
0 0.497024 0.406994 0.148148 0.105655
0 0.575893 0.436136 0.119378 0.084077
0 0.670800 0.573165 0.176918 0.092758
0 0.801753 0.563988 0.130622 0.100198
0 0.744213 0.672867 0.176918 0.104663
0 0.527778 0.646949 0.155423 0.121776
0 0.427910 0.524554 0.142196 0.086310
0 0.322917 0.592510 0.145172 0.081845
0 0.429233 0.626488 0.156746 0.091766
0 0.387731 0.750000 0.127976 0.092758
0 0.256944 0.708457 0.148148 0.089534
0 0.269676 0.430308 0.170966 0.074405
