0 0.217923 0.392981 0.191138 0.114335
0 0.414187 0.436136 0.146495 0.101438
0 0.617725 0.385417 0.096561 0.081845
0 0.904597 0.379588 0.146495 0.091518
0 0.514220 0.510045 0.116402 0.070188
0 0.385582 0.521825 0.149471 0.091766
0 0.205853 0.514385 0.186839 0.093750
0 0.374835 0.599454 0.162368 0.111111
0 0.667328 0.543403 0.106481 0.087302
0 0.638558 0.608631 0.134921 0.092758
0 0.499173 0.699777 0.126653 0.106895
0 0.886574 0.640997 0.145503 0.101438
0 0.629134 0.742932 0.113426 0.104415
0 0.745701 0.766741 0.142196 0.119792
0 0.936508 0.940724 0.126984 0.105655
0 0.524967 0.797371 0.166997 0.097222
0 0.375496 0.761285 0.166997 0.102431
