0 0.217923 0.233507 0.142196 0.084077
0 0.576720 0.259797 0.134921 0.089534
0 0.718419 0.400546 0.168320 0.092758
0 0.668816 0.474330 0.152447 0.095982
0 0.722718 0.565600 0.153770 0.071181
0 0.649306 0.676091 0.130622 0.098214
0 0.588294 0.581225 0.155423 0.115327
0 0.490575 0.451761 0.143849 0.089534
0 0.409226 0.412450 0.136574 0.103671
0 0.228836 0.374132 0.140873 0.085069
0 0.355324 0.543527 0.149802 0.078621
0 0.453869 0.650794 0.136574 0.092758
0 0.351025 0.637277 0.161045 0.076637
0 0.249669 0.611359 0.107804 0.074405
0 0.304894 0.769345 0.097884 0.086310
0 0.177083 0.733259 0.137897 0.095982
