0 0.383267 0.189732 0.148148 0.104663
0 0.762235 0.256076 0.143519 0.092510
0 0.881614 0.408110 0.149471 0.101438
0 0.839286 0.488467 0.165344 0.110863
0 0.593254 0.427455 0.122354 0.090526
0 0.674438 0.458333 0.126653 0.104663
0 0.753638 0.584945 0.149471 0.084077
0 0.874339 0.586062 0.115079 0.118552
0 0.834821 0.681424 0.188161 0.095982
0 0.615575 0.656126 0.137897 0.096974
0 0.514881 0.641493 0.164021 0.115327
0 0.530754 0.540675 0.212963 0.099206
0 0.409888 0.606523 0.178241 0.090526
0 0.322917 0.731151 0.142526 0.098214
0 0.474041 0.780630 0.168320 0.102431
0 0.398313 0.354787 0.152447 0.091518
